1 0.174225 0.5793632958801498 0.051574999999999996 0.1194007490636704
1 0.12385 0.7895505617977528 0.04645 0.07925093632958802
1 0.1516 0.9103370786516854 0.0529 0.10823970037453183
1 0.2535 0.8591011235955056 0.060625 0.09857677902621723
1 0.37865000000000004 0.8069288389513108 0.055475000000000003 0.09082397003745318
1 0.441875 0.5566292134831461 0.047725 0.10438202247191011
1 0.32705 0.4967041198501873 0.05805 0.09277153558052434
1 0.546375 0.4899625468164794 0.045149999999999996 0.07539325842696629
1 0.7128 0.7866292134831461 0.050324999999999995 0.08891385767790262
1 0.7959999999999999 0.5411610486891386 0.041275000000000006 0.07344569288389513
1 0.8992249999999999 0.4861048689138576 0.0516 0.08310861423220975
1 0.9605 0.729625468164794 0.060625 0.08310861423220975
1 0.95855 0.35273408239700377 0.033549999999999996 0.048314606741573035
1 0.836 0.10340823970037454 0.0387 0.07925093632958802
1 0.6341 0.24546816479400752 0.04 0.08891385767790262
1 0.5999 0.4010486891385768 0.043875000000000004 0.07149812734082397
1 0.56055 0.199063670411985 0.04 0.07730337078651686
1 0.657975 0.18456928838951311 0.0387 0.07925093632958802
1 0.590875 0.10340823970037454 0.043875000000000004 0.07149812734082397
1 0.52895 0.1459176029962547 0.030975000000000003 0.07925093632958802
1 0.303175 0.23097378277153557 0.030975000000000003 0.0599250936329588
1 0.3464 0.3440449438202247 0.04 0.08891385767790262
1 0.24125 0.30827715355805246 0.04645 0.07539325842696629
1 0.148375 0.16138576779026217 0.033549999999999996 0.07149812734082397
1 0.068375 0.1942322097378277 0.041275000000000006 0.06764044943820224
1 0.09997500000000001 0.4744943820224719 0.050324999999999995 0.07925093632958802
1 0.10707499999999999 0.39816479400749066 0.0516 0.0695880149812734
1 0.037425 0.35659176029962547 0.049025 0.06764044943820224
1 0.081275 0.28411985018726593 0.0387 0.06573033707865168
1 0.069675 0.0599250936329588 0.0516 0.07344569288389513
1 0.2793 0.16138576779026217 0.042575 0.07539325842696629
1 0.525725 0.14108614232209737 0.042575 0.09277153558052434
1 0.49670000000000003 0.09471910112359551 0.0387 0.05797752808988764
1 0.5870000000000001 0.10340823970037454 0.043875000000000004 0.07925093632958802