1 0.083925 0.8166666666666667 0.08927500000000001 0.1381
1 0.2125 0.8059666666666666 0.075 0.14523333333333333
1 0.33392499999999997 0.8333333333333334 0.08927500000000001 0.19046666666666667
1 0.501775 0.8714333333333334 0.071425 0.14763333333333334
1 0.79375 0.7404666666666666 0.08035 0.18096666666666666
1 0.675 0.6404666666666666 0.08927500000000001 0.17143333333333333
1 0.55 0.6702333333333333 0.064275 0.14046666666666666
1 0.404475 0.6214333333333334 0.09822499999999999 0.12856666666666666
1 0.196425 0.5535666666666667 0.060725 0.1119
1 0.11964999999999999 0.5595333333333333 0.06785000000000001 0.11903333333333334
1 0.24822500000000003 0.5809666666666666 0.08215 0.16666666666666666
1 0.025 0.3678666666666667 0.05 0.10236666666666668
1 0.116975 0.37143333333333334 0.08035 0.10476666666666666
1 0.2491 0.40476666666666666 0.076775 0.13333333333333333
1 0.348225 0.4131 0.075 0.0881
1 0.47409999999999997 0.46903333333333336 0.076775 0.1
1 0.5705250000000001 0.48333333333333334 0.05535 0.10476666666666666
1 0.841975 0.48810000000000003 0.066075 0.12380000000000001
1 0.965175 0.5523666666666667 0.06965 0.09523333333333334
1 0.959825 0.3333333333333333 0.073225 0.1
1 0.8017749999999999 0.3012 0.071425 0.10236666666666668
1 0.716975 0.29286666666666666 0.05535 0.10953333333333333
1 0.651775 0.2833333333333333 0.06785000000000001 0.12380000000000001
1 0.541975 0.2357 0.0625 0.10476666666666666
1 0.47767499999999996 0.2452333333333333 0.0625 0.1143
1 0.373225 0.20236666666666667 0.05 0.1
1 0.2866 0.2202333333333333 0.0625 0.09286666666666667
1 0.172325 0.19763333333333333 0.051775 0.1
1 0.0866 0.19286666666666666 0.058925 0.08096666666666666
1 0.0259 0.17263333333333333 0.051775 0.08333333333333333
1 0.104475 0.0857 0.0625 0.09046666666666667
1 0.20447500000000002 0.13333333333333333 0.051775 0.08096666666666666
1 0.32409999999999994 0.12856666666666666 0.0625 0.07143333333333333
1 0.2875 0.028566666666666667 0.078575 0.057133333333333335
1 0.383025 0.044033333333333334 0.0625 0.0881
1 0.45 0.041666666666666664 0.04285 0.0738
1 0.47409999999999997 0.10713333333333333 0.051775 0.10953333333333333
1 0.5125 0.058333333333333334 0.05 0.11666666666666667
1 0.566075 0.14166666666666666 0.06785000000000001 0.09763333333333334
1 0.6491 0.061900000000000004 0.101775 0.09523333333333334
1 0.690175 0.16786666666666666 0.0625 0.07856666666666667
1 0.790175 0.14880000000000002 0.066075 0.09763333333333334
1 0.7384000000000001 0.055966666666666665 0.048225 0.08333333333333333
1 0.808925 0.051199999999999996 0.060725 0.10236666666666668
1 0.89375 0.17856666666666668 0.0625 0.12856666666666666
1 0.970525 0.19523333333333334 0.058925 0.12380000000000001