1 0.29927499999999996 0.07444897959183673 0.066175 0.11044897959183674
1 0.26030000000000003 0.2460816326530612 0.076475 0.16085714285714284
1 0.0728 0.3469387755102041 0.09265000000000001 0.1416734693877551
1 0.283825 0.477795918367347 0.08529999999999999 0.1440408163265306
1 0.16985 0.703469387755102 0.06912499999999999 0.12485714285714286
1 0.1294 0.7743265306122449 0.08234999999999999 0.15126530612244898
1 0.049275 0.8499591836734695 0.075 0.19689795918367348
1 0.5044 0.41416326530612246 0.05295 0.13685714285714287
1 0.5146999999999999 0.7118775510204082 0.07352500000000001 0.17044897959183672
1 0.37795 0.9141632653061225 0.108825 0.1716734693877551
1 0.49265000000000003 0.26048979591836735 0.09705 0.16567346938775512
1 0.6581 0.24971428571428572 0.075 0.13926530612244897
1 0.64265 0.46579591836734696 0.09117499999999999 0.16808163265306122
1 0.574275 0.7851020408163265 0.10439999999999999 0.1776734693877551
1 0.93015 0.6182448979591837 0.1103 0.1896734693877551
1 0.7441249999999999 0.2557142857142857 0.076475 0.13685714285714287
1 0.8235250000000001 0.18848979591836734 0.07352500000000001 0.1080408163265306
1 0.8183750000000001 0.0720408163265306 0.07205 0.12004081632653062
1 0.89265 0.3073061224489796 0.088225 0.17285714285714288