1 0.31015 0.1802621722846442 0.12029999999999999 0.1544943820224719
1 0.2047 0.1755805243445693 0.128125 0.19194756554307116
1 0.0711 0.18726591760299627 0.1297 0.20131086142322097
1 0.15157500000000002 0.46700374531835204 0.165625 0.24112359550561796
1 0.370325 0.5442322097378277 0.140625 0.25516853932584266
1 0.48125 0.20367041198501873 0.121875 0.22940074906367042
1 0.717975 0.18258426966292135 0.145325 0.24344569288389514
1 0.56095 0.46348314606741575 0.121875 0.21067415730337077
1 0.63595 0.5653183520599251 0.11875 0.2832584269662921
1 0.826575 0.5758426966292135 0.14375 0.2153558052434457
1 0.8422 0.2492883895131086 0.078125 0.1802621722846442
1 0.92265 0.5114606741573033 0.1547 0.2832584269662921