1 0.100775 0.5278651685393259 0.1297 0.29730337078651686
1 0.21484999999999999 0.7724719101123596 0.1547 0.3136704119850187
1 0.317975 0.45295880149812734 0.098425 0.1708988764044944
1 0.4789 0.4810486891385768 0.11407500000000001 0.1802621722846442
1 0.307825 0.33355805243445696 0.046875 0.1100374531835206
1 0.42345 0.35696629213483144 0.0625 0.13344569288389513
1 0.236725 0.42719101123595504 0.064075 0.1802621722846442
1 0.621875 0.3534831460674157 0.084375 0.20599250936329588
1 0.7797 0.3300749063670412 0.065625 0.15917602996254682
1 0.76485 0.5711610486891385 0.12345 0.25280898876404495
1 0.85625 0.8218726591760299 0.175 0.35629213483146066
1 0.884375 0.3733707865168539 0.065625 0.09599250936329588
1 0.953125 0.43187265917602996 0.075 0.12876404494382024
1 0.953125 0.6788389513108615 0.09375 0.32771535580524347