1 0.24465 0.2559666666666667 0.06785000000000001 0.1119
1 0.26072500000000004 0.4773666666666667 0.09285 0.11666666666666667
1 0.044649999999999995 0.33453333333333335 0.071425 0.13570000000000002
1 0.283925 0.054766666666666665 0.064275 0.10953333333333333
1 0.09910000000000001 0.7702333333333333 0.08035 0.14523333333333333
1 0.372325 0.9083333333333333 0.083925 0.14046666666666666
1 0.5857249999999999 0.8047666666666667 0.10715 0.17143333333333333
1 0.509825 0.4131 0.06965 0.13096666666666668
1 0.685725 0.2607 0.06785000000000001 0.10713333333333333
1 0.783025 0.2512 0.076775 0.1262
1 0.8598250000000001 0.1857 0.073225 0.10476666666666666
1 0.940175 0.3238 0.08035 0.1143
1 0.970525 0.6214333333333334 0.058925 0.13333333333333333
1 0.664275 0.47023333333333334 0.078575 0.10236666666666668