1 0.04765 0.25743295019157086 0.08282500000000001 0.14609195402298852
1 0.1961 0.237088122605364 0.064075 0.1053639846743295
1 0.271875 0.25145593869731797 0.059375 0.11494252873563218
1 0.41015 0.22509578544061304 0.0797 0.12452107279693486
1 0.45235 0.22988505747126436 0.057824999999999994 0.12452107279693486
1 0.51875 0.2502298850574713 0.06875 0.14609195402298852
1 0.588275 0.329272030651341 0.0797 0.16524904214559388
1 0.701575 0.3555938697318008 0.0875 0.18440613026819924
1 0.8047 0.3220689655172414 0.06875 0.17961685823754792
1 0.81015 0.17122605363984675 0.064075 0.1221455938697318
1 0.932825 0.4178544061302682 0.125 0.25624521072796935