1 0.051975 0.12515555555555555 0.093425 0.17542222222222223
1 0.173675 0.1392 0.0842 0.17075555555555555
1 0.19079999999999997 0.39297777777777776 0.0842 0.16373333333333334
1 0.10592499999999999 0.7438666666666667 0.08814999999999999 0.14502222222222225
1 0.5375 0.8912444444444444 0.0908 0.18715555555555555
1 0.5171 0.6046666666666667 0.097375 0.19413333333333332
1 0.738825 0.7602222222222222 0.08814999999999999 0.1918222222222222
1 0.8138249999999999 0.9070222222222223 0.08814999999999999 0.18595555555555557
1 0.8394750000000001 0.6105333333333334 0.089475 0.20115555555555556
1 0.94935 0.6865333333333333 0.08814999999999999 0.2222222222222222
1 0.8486750000000001 0.3111111111111111 0.09210000000000002 0.20115555555555556
1 0.965125 0.4093777777777778 0.069725 0.18244444444444444
1 0.9736750000000001 0.1684 0.052625000000000005 0.16373333333333334
1 0.306575 0.44328888888888884 0.076325 0.17542222222222223
1 0.60395 0.5473777777777777 0.068425 0.1544