1 0.030625 0.2583732057416268 0.06125 0.13875598086124402
1 0.13625 0.2679425837320574 0.0575 0.11961722488038277
1 0.23 0.2811004784688995 0.0525 0.11722488038277512
1 0.275625 0.18181818181818182 0.04875 0.12440191387559808
1 0.336875 0.23205741626794257 0.04875 0.11961722488038277
1 0.441875 0.2631578947368421 0.05875 0.12440191387559808
1 0.565625 0.2535885167464115 0.04125 0.11483253588516747
1 0.654375 0.2966507177033493 0.05875 0.1291866028708134
1 0.745 0.28708133971291866 0.045 0.11004784688995216
1 0.838125 0.33133971291866027 0.07625 0.145933014354067
1 0.959375 0.29066985645933013 0.06625 0.15550239234449761