1 0.048025000000000005 0.8081777777777778 0.075 0.2316
1 0.12960000000000002 0.7192888888888889 0.077625 0.1848
1 0.17302499999999998 0.6444444444444445 0.0592 0.15204444444444445
1 0.077625 0.19062222222222222 0.068425 0.17542222222222223
1 0.268425 0.08071111111111111 0.06315 0.14737777777777777
1 0.292775 0.35204444444444444 0.08814999999999999 0.1848
1 0.3829 0.8877333333333334 0.089475 0.2081777777777778
1 0.5789500000000001 0.7532 0.09210000000000002 0.2245777777777778
1 0.502625 0.26782222222222224 0.060525 0.1848
1 0.5164500000000001 0.6420888888888889 0.069725 0.19884444444444446
1 0.659875 0.08422222222222221 0.077625 0.1684
1 0.644725 0.3438666666666667 0.076325 0.20586666666666667
1 0.9361750000000001 0.5204888888888889 0.0908 0.2081777777777778
1 0.902625 0.17426666666666668 0.08157500000000001 0.17542222222222223
1 0.752625 0.08422222222222221 0.076325 0.1684